sample output of normal1.py:
-1.46232112e-01  1.61559007e-02  1.13851047e-01  1.23467209e-02
 -1.08216279e-01 -1.50006167e-02 -1.84070664e-01  6.32893092e-02
 -7.05409461e-03 -1.50674317e-02  1.27120259e-01  1.42537353e-01
  1.33871925e-01 -1.21804218e-01  3.19845273e-02  8.07886059e-02
  6.28885787e-02  1.73738587e-01 -1.93919848e-01  9.61110254e-02
 -3.69863435e-02  5.39865414e-03  4.85207879e-02 -3.03217039e-02
  1.18488948e-01  4.06571340e-03  1.40963625e-01  3.85140848e-02
  9.19270629e-03 -5.28503798e-02 -3.67746176e-02 -1.14762940e-01
  3.21133782e-03  1.47836804e-01 -4.14708493e-02  8.72472763e-02
  2.55195957e-02  9.76875769e-02  8.71779667e-02 -1.47691543e-01
 -1.64156144e-01 -2.17890613e-02  2.04330863e-02  2.55264317e-02
  1.92093305e-01 -1.39093920e-01  4.87397033e-02 -6.67697121e-02
 -1.48771183e-01 -1.78434357e-01  8.30217456e-02  5.64622145e-02
  9.08578007e-02 -1.75374225e-01  2.50311014e-02  2.61070053e-02
  7.36437893e-02 -9.86229686e-02  6.60187065e-02 -5.87844691e-02
 -9.60854277e-02  7.89434368e-02  1.06540275e-01  9.89912464e-03
 -3.28510207e-02 -1.37875917e-01  7.11333985e-02 -1.05673596e-01
  7.58437114e-02 -9.45908238e-02 -2.57722327e-03 -1.66277283e-01
  1.42512824e-01  1.24552877e-02 -7.76129239e-02 -9.23130752e-02
 -1.89260031e-01 -2.18126271e-02  1.52462369e-01 -4.01779509e-02
 -9.07523322e-02 -5.44779450e-02 -7.02921669e-02  7.24111192e-02
  2.51886512e-01  7.75724092e-02 -5.99879446e-02  5.82110520e-02
 -2.79095395e-03 -9.77453557e-02  1.57088387e-01  1.46627906e-01
 -5.96246285e-02 -7.55030760e-02  1.38918213e-02 -7.46055681e-03
  2.99890012e-02 -7.61765364e-02  7.49347225e-02  7.88210983e-02
  2.04231406e-02  4.15125636e-02 -1.37445672e-02  1.49893708e-01
 -4.69194650e-02 -1.08437245e-01  2.44391579e-01 -2.63964830e-02
  8.72508700e-02  4.07374741e-02 -2.55683769e-02  7.82687069e-02
  5.68595965e-02 -2.27164906e-01 -3.60270472e-02 -1.26247616e-01
 -1.53414035e-02 -1.41194396e-01  3.17245297e-02 -2.12138112e-02
  1.34131204e-01  6.26083912e-02  1.21257758e-01 -4.91093304e-02
  2.95723704e-02 -5.80115429e-02 -8.25649444e-02 -8.36410262e-02
  7.68420002e-03  2.26230006e-02  7.73971706e-02 -5.67025591e-02
 -6.63947350e-02  1.03132829e-01 -2.65830411e-02  1.05419489e-01
 -1.37310963e-01  6.54623116e-02  1.19859620e-01 -1.24137306e-01
  1.03660883e-01  6.32297790e-02  1.50588946e-01  7.31114360e-02
 -1.18617230e-01  1.19785025e-01 -1.88319836e-02 -4.60842414e-03
  7.59173545e-02 -8.86013634e-03  3.43731602e-02  5.18327852e-02
  4.46280327e-02  7.81839316e-02 -2.25829839e-01  1.02323940e-01
 -6.08434428e-02 -9.66701482e-02  2.97988084e-02 -1.07052947e-02
  2.07711930e-02  2.65331607e-02 -2.25154937e-01 -1.67637458e-01
  3.84736486e-03  5.25022411e-02 -7.69531339e-02 -1.38657205e-01
 -1.66322235e-01 -1.73973950e-01 -8.17272133e-02 -4.27242014e-02
 -6.20018463e-02  1.57595593e-01  1.56957996e-02  6.96159594e-02
  1.67460209e-01 -6.96166441e-02  9.22624555e-02  1.53644244e-01
  5.64182744e-03  2.99742074e-02  1.32186456e-01  6.19969152e-02
 -5.32864485e-03  7.98754868e-02 -6.33159005e-02  7.53141859e-02
 -2.01539288e-01  1.49832909e-02  1.00676700e-01  4.16762022e-02
 -4.35474503e-02  1.92877543e-01 -3.53717630e-02 -1.11968914e-01
  1.01400895e-02 -1.35318528e-02  1.25399848e-01 -6.11691357e-02
  1.03282785e-01  2.31952697e-02 -5.65682151e-02  5.05833232e-03
 -1.53673334e-02 -2.34109200e-02 -9.09526712e-02  1.58146431e-02
  2.77940215e-01 -1.21821203e-02  3.36062690e-02  1.01661312e-01
  1.36702479e-03 -3.90086856e-02  1.56440758e-01 -1.24039705e-01
  2.05473158e-02 -8.33689218e-02 -2.59965404e-02 -2.99212036e-02
 -2.47434393e-02  2.41747575e-01  1.87640375e-03  1.09405226e-02
  1.05407787e-01 -7.70536100e-02  1.65589748e-02  7.60427854e-02
  4.93949698e-02 -2.68295455e-01  1.18876864e-01 -5.77340841e-02
 -9.87631598e-02 -5.24190269e-02 -2.89556123e-02  1.55467886e-01
  5.26588743e-02  3.98672686e-02  5.30235506e-02  1.61299516e-02
 -4.16859079e-02  4.71194374e-02  9.24541329e-02  1.05276854e-01
  5.39282506e-02  5.40750497e-02 -1.66300762e-01 -8.54378523e-02
  1.74099344e-01 -5.76333969e-02  4.43290992e-02 -3.39244880e-02
 -1.58675544e-01 -1.04586449e-01  6.80971224e-02  6.11825297e-03
  1.45877773e-01 -5.14774999e-02  3.44304288e-02  7.87801954e-02
  5.87743611e-02 -1.18129967e-01 -2.00389562e-02 -2.23731695e-02
  1.38807365e-01  1.71034784e-01 -2.42960453e-01 -2.03215501e-01
 -1.07389381e-01 -1.27486065e-01  7.63513377e-02 -1.29308794e-01
  4.45566480e-02  5.00669837e-02  1.16649467e-01  1.43326838e-01
 -8.48753268e-03 -3.05199385e-02  4.54479934e-02  1.80887648e-01
 -5.55148153e-02  1.26394048e-01  1.91049952e-01  1.45266162e-01
  1.16872767e-01 -1.09284332e-02 -1.63920276e-02 -4.06636475e-03
 -1.57870643e-01 -1.60027526e-02  3.56083000e-02 -9.68627427e-02
 -9.47797253e-02  6.64770836e-02 -1.38829140e-01 -1.47838886e-02
 -7.91247644e-02 -2.06311836e-01 -6.88500711e-02  6.55338049e-02
 -7.16247378e-02  9.56864956e-02 -8.40344761e-02 -1.20218630e-01
  9.53352800e-02 -2.96262132e-02 -2.82517505e-02 -1.40133729e-01
  1.81074588e-01 -5.02284185e-06 -4.29426517e-02 -1.35705614e-01
 -1.26319048e-01  1.25504860e-01 -6.79265871e-02 -2.61924177e-04
 -6.75106456e-03  1.06966112e-01 -1.52964333e-03  1.10477452e-02
 -1.30797539e-01 -1.34907259e-01 -9.28327329e-02  1.78941566e-01
  7.20556667e-02  4.00641446e-02  1.34565726e-01  3.77734138e-02
 -4.35752925e-02 -8.76355273e-02  9.08965381e-02  1.88490897e-02
 -1.30719878e-01  2.56313576e-01  4.75806831e-03  4.26545763e-02
 -6.96996601e-03  6.12332937e-02 -1.28695235e-01 -1.78464088e-02
  9.96265081e-02  2.78915535e-02  2.81450256e-02 -3.33576929e-02
  5.31763732e-02 -9.67226601e-02  3.71985361e-02  2.18745324e-02
  5.87533091e-02  8.09777538e-02  7.69499218e-02 -1.12621023e-02
  2.58524880e-01  1.15554968e-01  2.56157892e-02  1.02013264e-01
 -7.92956232e-02 -1.96290724e-01  2.07939170e-01  1.10315115e-01
  8.21600539e-02  5.47451708e-02  1.13783832e-01  5.63280304e-03
 -1.92268696e-01  1.37907595e-01  7.80389317e-02  1.77131314e-01
  9.47973956e-02  7.78528421e-02 -2.23244609e-01 -3.15897132e-02
  3.45897695e-03  1.29900584e-01 -2.80629212e-02  2.02758405e-02
  2.33180464e-02 -7.02218003e-02  6.76971812e-02  8.45867541e-02
  6.96355062e-02 -7.01068481e-02 -3.52926077e-02 -1.22835678e-01
  2.77858324e-02 -1.35483532e-01  4.50366024e-02  1.33358626e-01
 -2.54546873e-02  4.09819213e-02 -8.07777197e-02 -1.09243568e-01
  3.36628335e-02  1.67257916e-01 -1.44088690e-01  8.65305856e-02
 -1.69996232e-01 -9.73772931e-04 -3.19028574e-02 -4.01027877e-02
 -5.17487125e-02  1.69964828e-01 -8.34005712e-02 -1.16546774e-03
  3.65414028e-03 -7.67573753e-02 -1.83583325e-01 -1.17911089e-01
  9.34478416e-02  5.35950661e-02  3.69899607e-02  3.25715644e-02
  3.78006627e-02  1.36271831e-01  7.49911362e-02 -3.84822863e-02
 -7.88494222e-02 -2.91812123e-01 -2.63302800e-02 -1.01304930e-01
 -1.95196534e-01  7.96893152e-02 -5.24750043e-03  1.33826026e-01
 -1.30387189e-01  6.37375359e-02 -3.97436351e-02  5.50993356e-02
  1.24763092e-02  4.43341470e-02 -1.83359924e-03  3.00613266e-02
 -1.46587160e-01 -9.27829646e-02 -2.28835847e-02  1.95653974e-02
  3.12392490e-02  3.15516653e-02 -8.59898151e-02  2.74715382e-03
  1.59766467e-02 -1.53297881e-02 -1.74089858e-01  1.37347117e-01
  3.19577034e-03  9.99123513e-02 -5.19784344e-02 -5.92991907e-02
 -1.04783692e-01  6.16597320e-02  4.07954401e-02 -7.68460647e-02
 -7.81976285e-02 -4.76201871e-02 -2.19369321e-01 -4.63390455e-02
 -9.45053007e-02 -6.40715216e-02 -4.17463635e-02 -9.64896384e-02
  7.38765947e-02  6.72190540e-03 -1.09946005e-01 -4.12593154e-03
  6.45077808e-02  2.64594713e-02 -5.24930775e-02 -3.32330895e-02
 -2.23929583e-02 -1.40787102e-01 -6.46795384e-02  4.61908311e-02
 -7.79764452e-02 -5.32391366e-02  5.35040570e-02  6.70942689e-02
  8.58158560e-03 -1.45313129e-01 -1.12276887e-01 -5.56043923e-02
 -7.21736582e-02  1.10719772e-02 -2.82390528e-02  1.40907347e-01
 -1.74391533e-01  5.05221094e-02  8.99704653e-02  1.40003840e-01
  5.87144332e-03 -6.78249950e-02 -1.14630932e-01 -1.74421974e-02
  3.19040043e-02 -7.93238257e-02 -6.25358413e-02  1.53407722e-01
  1.14009520e-01  1.36280978e-01  3.89516753e-01  9.61192191e-02
 -2.46024884e-02 -5.79054609e-02 -5.19547893e-02  1.72024161e-01
 -1.02755653e-01  3.07269390e-01  9.22854574e-02  3.40162225e-02
  1.88180870e-02  8.05349334e-02  7.55938667e-02 -1.34083328e-02
 -3.60731936e-02 -2.69648224e-03 -4.91690917e-02 -4.82556142e-02
  1.52582203e-01 -9.85336903e-02  1.48145957e-02 -1.41003821e-02
  2.31679010e-01 -1.52981491e-01  1.75970785e-01 -1.59277657e-01
  2.32419023e-02 -4.57320468e-02  1.58939146e-01  6.27081851e-02
  5.90597980e-02 -6.41798283e-02 -1.47444932e-01 -1.26647265e-02
 -4.32485014e-02  1.00707116e-01  3.12398563e-02  1.09268116e-01
  5.23759950e-02 -3.59400408e-02 -5.66280586e-02 -2.07932240e-02
 -2.16476132e-01  1.12506911e-01  3.51898486e-02  2.12864693e-01
  7.84500443e-03 -1.06063116e-01  4.32568307e-02  6.17941070e-02
  5.72177520e-02 -3.57770547e-02 -9.21510804e-02 -2.59773066e-03
 -1.31939303e-01 -3.09835672e-02  4.64406107e-02 -4.12970091e-02
 -2.52793426e-02  4.23028946e-02 -6.68190679e-02  6.14886648e-02
  1.26828450e-02  2.11409030e-03  5.88851003e-02 -5.31900051e-02
 -7.19967558e-02 -1.00835228e-01  7.18097555e-03  2.18305481e-02
  2.27421333e-02  1.29428328e-01 -5.93819537e-02  7.06833967e-02
  3.82608628e-02 -1.38281277e-02 -5.29257629e-02 -1.58930638e-01
  1.00896591e-01  1.31198085e-01 -2.45541422e-01 -3.63795513e-02
  9.57455816e-02  6.26388812e-02 -7.65016829e-02 -1.36335121e-01
 -4.83064080e-02 -1.43709013e-01 -5.58596611e-02 -2.59296770e-01
 -9.47294291e-03 -4.28091195e-02 -5.27023057e-03 -6.08879656e-02
 -1.32849214e-01 -4.59661916e-02 -3.18678025e-02 -2.45577828e-02
 -7.97527654e-03 -1.60291532e-01 -1.55398732e-01 -1.09995903e-01
  5.01635861e-02  4.99880295e-02 -1.50926263e-02  7.41307479e-02
 -2.07972141e-02 -1.28698267e-01  7.99161978e-02  6.25236189e-02
  1.91570189e-01  4.39934192e-02 -3.01532964e-02 -1.80970444e-01
  3.41601033e-02 -1.14798310e-01 -7.68548141e-02 -1.23531351e-01
  4.30361285e-02  1.44948392e-01 -4.93526361e-02 -1.76453035e-01
 -8.15831593e-02  2.74375629e-02 -1.37664877e-02 -1.86238618e-01
 -1.61223530e-01  3.69140333e-02  2.07176314e-01 -1.43596618e-02
  1.02062777e-01  6.68433933e-02  3.64975546e-02  9.55919884e-02
 -8.45521458e-02 -8.60743962e-02 -3.26387521e-02 -1.03646713e-01
 -1.96194183e-01  1.85272306e-02 -2.84470740e-02 -9.43064358e-03
 -6.83439303e-03  9.55630658e-02 -2.52329423e-02  1.33108851e-02
 -4.13462135e-02 -2.19544109e-01 -5.34344464e-02  1.96331728e-02
  1.31036417e-02 -1.75431156e-01  1.13898456e-01 -1.00517578e-01
 -6.18032667e-02  3.75132080e-02  1.04534694e-01  8.90331533e-02
  3.27356362e-03  2.27459212e-01  3.33053925e-02  3.41873930e-02
 -8.93713873e-02 -1.62975516e-01 -4.24499276e-02  2.96109431e-01
  1.27552844e-01 -1.29355421e-01  1.52217205e-01  3.84922993e-02
 -1.04368631e-01 -1.70993168e-01  1.39508033e-02  1.31397520e-01
 -5.37537113e-02  1.21668797e-01 -4.08882143e-02  1.50833770e-01
 -1.25938555e-01  4.46712241e-02 -7.87745277e-02  6.51318200e-02
 -1.27173365e-01 -1.16245645e-01 -2.05303449e-01 -1.25338026e-01
 -1.60480033e-01 -2.84792555e-02 -1.14221118e-01  1.55222549e-01
  7.90269513e-02  2.17805921e-01 -2.06049385e-03 -2.45208951e-01
  1.27011181e-01  2.64103902e-01  2.83389201e-05  1.43737581e-01
 -4.12252601e-03 -1.08241843e-01 -4.56593580e-02  1.58531242e-02
 -3.38214107e-03 -4.13937571e-02  1.01931734e-02  8.17220601e-03
  4.89670590e-02 -4.22154242e-02  1.34622819e-01  2.01682107e-01
  3.17356108e-02 -1.34084280e-01  4.81590123e-02  1.37816791e-01
 -1.04056860e-01 -6.53701799e-02 -2.30439904e-02  2.03600843e-01
  1.30955379e-01  1.45451242e-02 -4.47608870e-02 -1.87765059e-01
 -5.93121286e-02  8.84703065e-03 -4.26624085e-02  2.08890073e-01
  1.79426867e-03  5.56001035e-02 -1.57635341e-01  1.27510125e-01
 -2.12466475e-02 -6.44623991e-03  1.98976678e-01  1.58154277e-01
  1.20737194e-01  9.61471523e-02 -7.27730596e-02 -9.50905746e-02
  1.79717431e-02 -4.16052564e-02  5.86416942e-02  1.82971829e-01
 -4.61607735e-02  5.58618525e-02  8.95967813e-02 -6.92095065e-02
 -6.50637615e-02 -4.33842926e-02 -5.79057039e-02 -1.13463365e-01
 -3.67163368e-01 -1.74385759e-01 -2.27066269e-01 -9.50604992e-02
 -7.19973410e-03  1.43643453e-01  1.10064938e-01 -1.99935468e-02
  1.32076317e-01 -9.10147300e-02 -1.16401111e-01  1.79089456e-01
 -3.25116566e-01 -9.18377890e-02 -3.72396390e-02  1.39348742e-02
  5.18034040e-02  7.58928127e-02  2.32692691e-01 -1.02651405e-01
 -1.45665548e-02  1.57685900e-02  3.51250600e-01  6.02973100e-03
 -4.04510851e-02 -2.12470297e-02 -1.14859133e-01  9.62816372e-02
  7.78620674e-02 -7.21271133e-02 -1.00065491e-01  6.10649564e-02
  4.90778138e-02 -8.41444933e-02 -8.14638307e-03 -1.60444484e-02
 -1.40458201e-02 -7.71129052e-02 -5.26423042e-02 -4.29401068e-02
 -3.50356390e-02  2.21428890e-01  1.86268743e-01 -1.78435121e-01
 -6.86093494e-02 -1.75472732e-01  1.01950563e-01  9.24032054e-02
  5.85590039e-03  1.25703392e-02  7.88621315e-02  1.00732228e-02
  8.69162108e-03 -1.38878655e-01  2.04731841e-01  1.00879178e-01
  1.45040433e-03 -4.81598543e-02  3.93692293e-02 -3.06078873e-02
 -1.98762498e-02  5.47450031e-02 -6.45207149e-02  7.16535884e-02
 -4.10549564e-02  1.06731870e-01  1.66647618e-02  3.07894185e-02
 -2.86095900e-02  6.41334759e-02 -6.41573161e-02 -7.24139989e-02
  1.30702663e-01 -1.15385683e-01  7.27712811e-02 -4.13755730e-02
 -7.56904529e-02 -2.32648678e-01 -2.02256655e-02 -8.58547795e-02
 -6.31722555e-02 -6.97939233e-02 -8.63101353e-02  3.71597696e-02
  5.18730971e-02  1.41234440e-01  4.33278015e-02 -1.04579811e-02
 -3.09841233e-02 -1.53121127e-02  6.64980208e-03 -1.04611630e-01
 -7.31397886e-02  6.36481922e-02 -1.07412579e-01  2.52712918e-02
 -7.34305227e-03 -2.14032936e-03  2.81727157e-02  3.82971371e-03
 -1.43725811e-01  5.00549183e-03  2.16562502e-01 -5.14278763e-02
 -4.24039728e-02 -2.11148142e-03  7.17312409e-02  5.94603525e-02
 -2.87228412e-03  8.42965477e-02  8.96199750e-02 -2.54542692e-03
 -6.21409653e-02 -3.94687082e-02  1.01496897e-01  1.35531675e-01
  2.34640352e-02 -1.51471827e-01 -7.85241824e-02 -4.94140990e-02
 -3.55625293e-02  5.47521421e-02 -5.28764362e-02  6.50656995e-02
 -2.95965205e-02  7.35968093e-02 -5.90296861e-02  5.66235681e-03
 -4.91575291e-02  1.22603573e-01 -1.58165522e-01 -4.31206350e-02
 -9.99387204e-02  9.70454308e-02 -2.74538067e-02 -3.41620722e-02
  8.28018818e-02  1.08969362e-02 -6.76284702e-02  1.75707930e-02
 -2.48123317e-01 -2.71644230e-02 -1.12986824e-01  4.07893014e-02
  4.16304886e-02  1.27898696e-01 -1.32229457e-01  9.90072871e-02
 -8.29658695e-02  7.85514929e-02  9.81955854e-02  7.53582826e-02
 -9.07502097e-02  4.34881309e-02  1.42211982e-01 -7.45803070e-02
 -2.69966862e-02 -5.41742014e-02  1.27763923e-01  3.64688646e-02
 -7.07143040e-02  5.86596332e-02 -4.20297711e-02  3.41085922e-02
 -7.36030122e-03 -1.86517462e-02 -6.69181548e-02 -9.63903002e-02
 -2.35133732e-01  7.95624303e-02 -7.27505073e-02 -2.39250136e-02
  1.11854907e-03 -8.51562082e-02 -1.58447121e-01 -8.42372172e-02
 -1.87121720e-01  2.03055189e-02 -6.30950951e-02  1.71915670e-01
  8.19879674e-03 -3.63375605e-02 -8.41091226e-03 -1.16604129e-01
 -1.17307957e-01 -7.51516841e-02 -2.19608108e-02  4.96984758e-02
  1.64984563e-02 -3.59573196e-03  3.38162530e-02 -9.28638958e-02
  7.07691693e-02  2.66958192e-01 -1.68901584e-01 -1.32988415e-01
  6.07942863e-02  9.28530509e-02  6.71777832e-02 -7.54670441e-02
  5.75623961e-02 -1.33820193e-01 -1.37409977e-02 -2.68015586e-02
 -2.07141845e-01  5.79052765e-02 -4.28985852e-03 -3.66751255e-02
  6.49240444e-02  1.64030167e-01 -1.21196224e-01 -3.51895079e-02
 -6.74407372e-02 -9.80488767e-02 -5.46339507e-03  8.38512665e-02
 -2.58414119e-02 -2.34064517e-02 -2.42561455e-02 -2.48081712e-02
 -4.52265293e-02 -1.60520992e-01 -2.52167332e-02  7.59558714e-02
  1.76875212e-04  1.52183295e-01 -1.15409261e-01  1.35861761e-01
  5.90734310e-02 -3.77909743e-02  4.85527883e-02 -6.56379611e-02
  3.82793540e-02  2.15318810e-01 -2.57620349e-02 -3.58376508e-02
  7.62810540e-02 -1.78309570e-01  5.51236100e-02 -2.04865673e-01
 -1.05532517e-02  1.93309030e-01 -8.50921122e-02  1.21848625e-02
  5.29724936e-02 -5.11613394e-02  1.29192780e-01 -1.00161700e-01
  7.19039684e-02  1.40516260e-02 -1.67094582e-01 -3.34067314e-02]

